0  285.05  220  2191.6
1  285.05  -220  2191.6
2  285.05  744.5  1945.45
3  285.05  -744.5  1945.45
4  285.05  744.5  1646.15
5  285.05  -744.5  1646.15
6  285.05  744.5  1346.85
7  285.05  -744.5  1346.85
8  285.05  744.5  1047.55
9  285.05  -744.5  1047.55
10  285.05  744.5  748.25
11  285.05  -744.5  748.25
12  285.05  744.5  448.95
13  285.05  -744.5  448.95
14  285.05  744.5  149.65
15  285.05  -744.5  149.65
16  285.05  220  -96.5
17  285.05  -220  -96.5
18  210.05  220  2191.6
19  210.05  -220  2191.6
20  210.05  744.5  1945.45
21  210.05  -744.5  1945.45
22  210.05  744.5  1646.15
23  210.05  -744.5  1646.15
24  210.05  744.5  1346.85
25  210.05  -744.5  1346.85
26  210.05  744.5  1047.55
27  210.05  -744.5  1047.55
28  210.05  744.5  748.25
29  210.05  -744.5  748.25
30  210.05  744.5  448.95
31  210.05  -744.5  448.95
32  210.05  744.5  149.65
33  210.05  -744.5  149.65
34  210.05  220  -96.5
35  210.05  -220  -96.5
36  135.05  220  2191.6
37  135.05  -220  2191.6
38  135.05  744.5  1945.45
39  135.05  -744.5  1945.45
40  135.05  744.5  1646.15
41  135.05  -744.5  1646.15
42  135.05  744.5  1346.85
43  135.05  -744.5  1346.85
44  135.05  744.5  1047.55
45  135.05  -744.5  1047.55
46  135.05  744.5  748.25
47  135.05  -744.5  748.25
48  135.05  744.5  448.95
49  135.05  -744.5  448.95
50  135.05  744.5  149.65
51  135.05  -744.5  149.65
52  135.05  220  -96.5
53  135.05  -220  -96.5
54  60.05  220  2191.6
55  60.05  -220  2191.6
56  60.05  744.5  1945.45
57  60.05  -744.5  1945.45
58  60.05  744.5  1646.15
59  60.05  -744.5  1646.15
60  60.05  744.5  1346.85
61  60.05  -744.5  1346.85
62  60.05  744.5  1047.55
63  60.05  -744.5  1047.55
64  60.05  744.5  748.25
65  60.05  -744.5  748.25
66  60.05  744.5  448.95
67  60.05  -744.5  448.95
68  60.05  744.5  149.65
69  60.05  -744.5  149.65
70  60.05  220  -96.5
71  60.05  -220  -96.5
72  -327.5  542.5  2053.95
73  -327.5  205.5  2053.95
74  -327.5  -131.5  2053.95
75  -327.5  -468.5  2053.95
76  -327.5  377.8  1982.95
77  -327.5  40.8  1982.95
78  -327.5  -296.2  1982.95
79  -327.5  -633.2  1982.95
80  -327.5  633.2  1907.95
81  -327.5  296.2  1907.95
82  -327.5  -40.8  1907.95
83  -327.5  -377.8  1907.95
84  -327.5  468.5  1836.95
85  -327.5  131.5  1836.95
86  -327.5  -205.5  1836.95
87  -327.5  -542.5  1836.95
88  -327.5  542.5  1754.65
89  -327.5  205.5  1754.65
90  -327.5  -131.5  1754.65
91  -327.5  -468.5  1754.65
92  -327.5  377.8  1683.65
93  -327.5  40.8  1683.65
94  -327.5  -296.2  1683.65
95  -327.5  -633.2  1683.65
96  -327.5  633.2  1608.65
97  -327.5  296.2  1608.65
98  -327.5  -40.8  1608.65
99  -327.5  -377.8  1608.65
100  -327.5  468.5  1537.65
101  -327.5  131.5  1537.65
102  -327.5  -205.5  1537.65
103  -327.5  -542.5  1537.65
104  -327.5  542.5  1455.35
105  -327.5  205.5  1455.35
106  -327.5  -131.5  1455.35
107  -327.5  -468.5  1455.35
108  -327.5  377.8  1384.35
109  -327.5  40.8  1384.35
110  -327.5  -296.2  1384.35
111  -327.5  -633.2  1384.35
112  -327.5  633.2  1309.35
113  -327.5  296.2  1309.35
114  -327.5  -40.8  1309.35
115  -327.5  -377.8  1309.35
116  -327.5  468.5  1238.35
117  -327.5  131.5  1238.35
118  -327.5  -205.5  1238.35
119  -327.5  -542.5  1238.35
120  -327.5  542.5  1156.05
121  -327.5  205.5  1156.05
122  -327.5  -131.5  1156.05
123  -327.5  -468.5  1156.05
124  -327.5  377.8  1085.05
125  -327.5  40.8  1085.05
126  -327.5  -296.2  1085.05
127  -327.5  -633.2  1085.05
128  -327.5  633.2  1010.05
129  -327.5  296.2  1010.05
130  -327.5  -40.8  1010.05
131  -327.5  -377.8  1010.05
132  -327.5  468.5  939.05
133  -327.5  131.5  939.05
134  -327.5  -205.5  939.05
135  -327.5  -542.5  939.05
136  -327.5  542.5  856.75
137  -327.5  205.5  856.75
138  -327.5  -131.5  856.75
139  -327.5  -468.5  856.75
140  -327.5  377.8  785.75
141  -327.5  40.8  785.75
142  -327.5  -296.2  785.75
143  -327.5  -633.2  785.75
144  -327.5  633.2  710.75
145  -327.5  296.2  710.75
146  -327.5  -40.8  710.75
147  -327.5  -377.8  710.75
148  -327.5  468.5  639.75
149  -327.5  131.5  639.75
150  -327.5  -205.5  639.75
151  -327.5  -542.5  639.75
152  -327.5  542.5  557.45
153  -327.5  205.5  557.45
154  -327.5  -131.5  557.45
155  -327.5  -468.5  557.45
156  -327.5  377.8  486.45
157  -327.5  40.8  486.45
158  -327.5  -296.2  486.45
159  -327.5  -633.2  486.45
160  -327.5  633.2  411.45
161  -327.5  296.2  411.45
162  -327.5  -40.8  411.45
163  -327.5  -377.8  411.45
164  -327.5  468.5  340.45
165  -327.5  131.5  340.45
166  -327.5  -205.5  340.45
167  -327.5  -542.5  340.45
168  -327.5  542.5  258.15
169  -327.5  205.5  258.15
170  -327.5  -131.5  258.15
171  -327.5  -468.5  258.15
172  -327.5  377.8  187.15
173  -327.5  40.8  187.15
174  -327.5  -296.2  187.15
175  -327.5  -633.2  187.15
176  -327.5  633.2  112.15
177  -327.5  296.2  112.15
178  -327.5  -40.8  112.15
179  -327.5  -377.8  112.15
180  -327.5  468.5  41.15
181  -327.5  131.5  41.15
182  -327.5  -205.5  41.15
183  -327.5  -542.5  41.15